YChi_min=1.0
YChi_max=2.0
YChi_step=1.0
ThetaY_min=0.0
ThetaY_max=6.28319
ThetaY_step=0.785398
mD_min=1000.0
mD_max=2000.0
mD_step=1000.0
mS_min=1000.0
mS_max=2000.0
mS_step=1000.0